Creating temporary script file tempscript.py

{(10, 127): 1.0, (10, 2696): 1.0, (10, 133): 1.0, (10, 167): 1.0, (10, 2541): 1.0, (10, 1804): 1.0, (10, 178): 1.0, (10, 207): 1.0, (10, 1216): 1.0, (10, 2949): 1.0}
Cleaning up...
    Removing tempscript.py
Creating temporary script file tempscript.py

{(10, 127): 1.0, (10, 2696): 1.0, (10, 133): 1.0, (12, 2169): 1.0, (10, 167): 1.0, (12, 920): 1.0, (10, 2541): 1.0, (12, 332): 1.0, (12, 1369): 1.0, (10, 1804): 1.0, (10, 178): 1.0, (10, 207): 1.0, (12, 159): 1.0, (12, 1860): 1.0, (12, 875): 1.0, (10, 1216): 1.0, (12, 504): 1.0, (12, 169): 1.0, (10, 2949): 1.0, (12, 168): 1.0}
Cleaning up...
    Removing tempscript.py
Creating temporary script file tempscript.py

{(13, 5654): 1.0, (12, 1369): 1.0, (13, 5669): 1.0, (12, 504): 1.0, (12, 159): 1.0, (13, 487): 1.0, (13, 5578): 1.0, (13, 4768): 1.0, (12, 168): 1.0, (10, 127): 1.0, (10, 2696): 1.0, (13, 5635): 1.0, (10, 2541): 1.0, (12, 2169): 1.0, (10, 1804): 1.0, (12, 920): 1.0, (12, 1860): 1.0, (12, 875): 1.0, (13, 3699): 1.0, (12, 169): 1.0, (13, 5647): 1.0, (10, 167): 1.0, (13, 3994): 1.0, (12, 332): 1.0, (10, 2949): 1.0, (10, 178): 1.0, (10, 207): 1.0, (13, 5576): 1.0, (10, 133): 1.0, (10, 1216): 1.0}
Cleaning up...
    Removing tempscript.py
Creating temporary script file tempscript.py

{(13, 5654): 1.0, (15, 397): 1.0, (12, 1369): 1.0, (13, 5669): 1.0, (12, 504): 1.0, (12, 159): 1.0, (13, 487): 1.0, (13, 5578): 1.0, (13, 4768): 1.0, (12, 168): 1.0, (10, 127): 1.0, (10, 2696): 1.0, (13, 5635): 1.0, (10, 2541): 1.0, (15, 85): 1.0, (12, 2169): 1.0, (10, 1804): 1.0, (15, 42): 1.0, (12, 920): 1.0, (12, 1860): 1.0, (12, 875): 1.0, (13, 3699): 1.0, (12, 169): 1.0, (13, 5647): 1.0, (15, 153): 1.0, (10, 167): 1.0, (13, 3994): 1.0, (12, 332): 1.0, (10, 2949): 1.0, (10, 178): 1.0, (10, 207): 1.0, (13, 5576): 1.0, (15, 90): 1.0, (15, 204): 1.0, (10, 133): 1.0, (15, 180): 1.0, (15, 208): 1.0, (15, 417): 1.0, (10, 1216): 1.0, (15, 181): 1.0}
Cleaning up...
    Removing tempscript.py
Creating temporary script file tempscript.py

{(13, 5654): 1.0, (15, 397): 1.0, (16, 5871): 1.0, (16, 5661): 1.0, (12, 1369): 1.0, (13, 5669): 1.0, (12, 504): 1.0, (12, 159): 1.0, (13, 487): 1.0, (16, 5679): 1.0, (16, 5858): 1.0, (13, 5578): 1.0, (13, 4768): 1.0, (12, 168): 1.0, (10, 127): 1.0, (10, 2696): 1.0, (13, 5635): 1.0, (10, 2541): 1.0, (15, 85): 1.0, (12, 2169): 1.0, (10, 1804): 1.0, (15, 42): 1.0, (12, 920): 1.0, (16, 5654): 1.0, (12, 1860): 1.0, (16, 5690): 1.0, (12, 875): 1.0, (13, 3699): 1.0, (12, 169): 1.0, (13, 5647): 1.0, (15, 153): 1.0, (10, 167): 1.0, (13, 3994): 1.0, (16, 5859): 1.0, (12, 332): 1.0, (10, 2949): 1.0, (10, 178): 1.0, (10, 207): 1.0, (13, 5576): 1.0, (15, 90): 1.0, (15, 204): 1.0, (10, 133): 1.0, (15, 180): 1.0, (15, 208): 1.0, (15, 417): 1.0, (16, 5685): 1.0, (16, 5849): 1.0, (10, 1216): 1.0, (16, 5875): 1.0, (15, 181): 1.0}
Cleaning up...
    Removing tempscript.py
Creating temporary script file tempscript.py

{(13, 5654): 1.0, (15, 397): 1.0, (16, 5871): 1.0, (16, 5661): 1.0, (12, 1369): 1.0, (13, 5669): 1.0, (12, 504): 1.0, (17, 5666): 1.0, (12, 159): 1.0, (13, 487): 1.0, (16, 5679): 1.0, (17, 5687): 1.0, (16, 5858): 1.0, (17, 5567): 1.0, (13, 5578): 1.0, (13, 4768): 1.0, (12, 168): 1.0, (10, 127): 1.0, (10, 2696): 1.0, (13, 5635): 1.0, (10, 2541): 1.0, (15, 85): 1.0, (12, 2169): 1.0, (10, 1804): 1.0, (15, 42): 1.0, (12, 920): 1.0, (16, 5654): 1.0, (12, 1860): 1.0, (16, 5690): 1.0, (12, 875): 1.0, (13, 3699): 1.0, (12, 169): 1.0, (17, 5668): 1.0, (17, 5576): 1.0, (13, 5647): 1.0, (15, 153): 1.0, (10, 167): 1.0, (13, 3994): 1.0, (16, 5859): 1.0, (12, 332): 1.0, (10, 2949): 1.0, (10, 178): 1.0, (10, 207): 1.0, (17, 5654): 1.0, (13, 5576): 1.0, (17, 5645): 1.0, (17, 5680): 1.0, (15, 90): 1.0, (15, 204): 1.0, (10, 133): 1.0, (15, 180): 1.0, (15, 208): 1.0, (15, 417): 1.0, (17, 5696): 1.0, (17, 5667): 1.0, (16, 5685): 1.0, (16, 5849): 1.0, (10, 1216): 1.0, (16, 5875): 1.0, (15, 181): 1.0}
Cleaning up...
    Removing tempscript.py
Creating temporary script file tempscript.py

{(13, 5654): 1.0, (15, 397): 1.0, (16, 5871): 1.0, (16, 5661): 1.0, (12, 1369): 1.0, (13, 5669): 1.0, (12, 504): 1.0, (17, 5666): 1.0, (12, 159): 1.0, (13, 487): 1.0, (16, 5679): 1.0, (17, 5687): 1.0, (16, 5858): 1.0, (17, 5567): 1.0, (13, 5578): 1.0, (13, 4768): 1.0, (12, 168): 1.0, (10, 127): 1.0, (10, 2696): 1.0, (13, 5635): 1.0, (10, 2541): 1.0, (15, 85): 1.0, (12, 2169): 1.0, (10, 1804): 1.0, (15, 42): 1.0, (12, 920): 1.0, (16, 5654): 1.0, (12, 1860): 1.0, (16, 5690): 1.0, (12, 875): 1.0, (13, 3699): 1.0, (12, 169): 1.0, (17, 5668): 1.0, (17, 5576): 1.0, (13, 5647): 1.0, (15, 153): 1.0, (10, 167): 1.0, (13, 3994): 1.0, (16, 5859): 1.0, (12, 332): 1.0, (10, 2949): 1.0, (10, 178): 1.0, (10, 207): 1.0, (18, 957): 1.0, (17, 5654): 1.0, (13, 5576): 1.0, (17, 5645): 1.0, (17, 5680): 1.0, (15, 90): 1.0, (15, 204): 1.0, (10, 133): 1.0, (15, 180): 1.0, (15, 208): 1.0, (15, 417): 1.0, (17, 5696): 1.0, (17, 5667): 1.0, (16, 5685): 1.0, (16, 5849): 1.0, (10, 1216): 1.0, (16, 5875): 1.0, (15, 181): 1.0}
Cleaning up...
    Removing tempscript.py
Creating temporary script file tempscript.py

{(13, 5654): 1.0, (15, 397): 1.0, (16, 5871): 1.0, (16, 5661): 1.0, (12, 1369): 1.0, (13, 5669): 1.0, (12, 504): 1.0, (17, 5666): 1.0, (12, 159): 1.0, (13, 487): 1.0, (16, 5679): 1.0, (17, 5687): 1.0, (21, 5638): 1.0, (16, 5858): 1.0, (17, 5567): 1.0, (13, 5578): 1.0, (13, 4768): 1.0, (12, 168): 1.0, (10, 127): 1.0, (10, 2696): 1.0, (21, 5652): 1.0, (13, 5635): 1.0, (21, 5635): 1.0, (10, 2541): 1.0, (15, 85): 1.0, (12, 2169): 1.0, (10, 1804): 1.0, (15, 42): 1.0, (12, 920): 1.0, (16, 5654): 1.0, (12, 1860): 1.0, (21, 5578): 1.0, (16, 5690): 1.0, (12, 875): 1.0, (13, 3699): 1.0, (21, 4854): 1.0, (12, 169): 1.0, (17, 5668): 1.0, (17, 5576): 1.0, (13, 5647): 1.0, (21, 5632): 1.0, (15, 153): 1.0, (10, 167): 1.0, (13, 3994): 1.0, (16, 5859): 1.0, (12, 332): 1.0, (10, 2949): 1.0, (10, 178): 1.0, (10, 207): 1.0, (18, 957): 1.0, (17, 5654): 1.0, (13, 5576): 1.0, (17, 5645): 1.0, (17, 5680): 1.0, (15, 90): 1.0, (15, 204): 1.0, (10, 133): 1.0, (21, 5647): 1.0, (15, 180): 1.0, (15, 208): 1.0, (21, 5571): 1.0, (21, 5576): 1.0, (15, 417): 1.0, (17, 5696): 1.0, (21, 5654): 1.0, (17, 5667): 1.0, (16, 5685): 1.0, (16, 5849): 1.0, (10, 1216): 1.0, (16, 5875): 1.0, (15, 181): 1.0}
Cleaning up...
    Removing tempscript.py
Creating temporary script file tempscript.py

{(13, 5654): 1.0, (15, 397): 1.0, (16, 5871): 1.0, (22, 46073): 1.0, (16, 5661): 1.0, (12, 1369): 1.0, (13, 5669): 1.0, (12, 504): 1.0, (17, 5666): 1.0, (12, 159): 1.0, (13, 487): 1.0, (16, 5679): 1.0, (17, 5687): 1.0, (21, 5638): 1.0, (16, 5858): 1.0, (17, 5567): 1.0, (13, 5578): 1.0, (13, 4768): 1.0, (12, 168): 1.0, (10, 127): 1.0, (10, 2696): 1.0, (21, 5652): 1.0, (13, 5635): 1.0, (21, 5635): 1.0, (10, 2541): 1.0, (15, 85): 1.0, (12, 2169): 1.0, (10, 1804): 1.0, (15, 42): 1.0, (12, 920): 1.0, (16, 5654): 1.0, (12, 1860): 1.0, (21, 5578): 1.0, (16, 5690): 1.0, (12, 875): 1.0, (13, 3699): 1.0, (21, 4854): 1.0, (12, 169): 1.0, (17, 5668): 1.0, (17, 5576): 1.0, (13, 5647): 1.0, (21, 5632): 1.0, (15, 153): 1.0, (10, 167): 1.0, (13, 3994): 1.0, (16, 5859): 1.0, (12, 332): 1.0, (10, 2949): 1.0, (10, 178): 1.0, (10, 207): 1.0, (18, 957): 1.0, (17, 5654): 1.0, (13, 5576): 1.0, (17, 5645): 1.0, (17, 5680): 1.0, (15, 90): 1.0, (15, 204): 1.0, (10, 133): 1.0, (21, 5647): 1.0, (22, 37910): 1.0, (15, 180): 1.0, (15, 208): 1.0, (21, 5571): 1.0, (21, 5576): 1.0, (15, 417): 1.0, (17, 5696): 1.0, (21, 5654): 1.0, (17, 5667): 1.0, (16, 5685): 1.0, (16, 5849): 1.0, (10, 1216): 1.0, (16, 5875): 1.0, (15, 181): 1.0}
Cleaning up...
    Removing tempscript.py
Creating temporary script file tempscript.py

{(13, 5654): 1.0, (15, 397): 1.0, (23, 491): 1.0, (16, 5871): 1.0, (23, 462): 1.0, (22, 46073): 1.0, (16, 5661): 1.0, (23, 449): 1.0, (12, 1369): 1.0, (13, 5669): 1.0, (23, 482): 1.0, (12, 504): 1.0, (17, 5666): 1.0, (23, 259): 1.0, (12, 159): 1.0, (13, 487): 1.0, (16, 5679): 1.0, (17, 5687): 1.0, (21, 5638): 1.0, (16, 5858): 1.0, (23, 486): 1.0, (17, 5567): 1.0, (13, 5578): 1.0, (13, 4768): 1.0, (12, 168): 1.0, (10, 127): 1.0, (10, 2696): 1.0, (21, 5652): 1.0, (13, 5635): 1.0, (21, 5635): 1.0, (10, 2541): 1.0, (15, 85): 1.0, (12, 2169): 1.0, (10, 1804): 1.0, (15, 42): 1.0, (12, 920): 1.0, (16, 5654): 1.0, (12, 1860): 1.0, (21, 5578): 1.0, (16, 5690): 1.0, (12, 875): 1.0, (13, 3699): 1.0, (21, 4854): 1.0, (23, 97): 1.0, (12, 169): 1.0, (17, 5668): 1.0, (23, 68): 1.0, (17, 5576): 1.0, (13, 5647): 1.0, (21, 5632): 1.0, (15, 153): 1.0, (10, 167): 1.0, (13, 3994): 1.0, (16, 5859): 1.0, (12, 332): 1.0, (10, 2949): 1.0, (10, 178): 1.0, (10, 207): 1.0, (23, 70): 1.0, (18, 957): 1.0, (17, 5654): 1.0, (13, 5576): 1.0, (17, 5645): 1.0, (17, 5680): 1.0, (15, 90): 1.0, (15, 204): 1.0, (10, 133): 1.0, (21, 5647): 1.0, (22, 37910): 1.0, (15, 180): 1.0, (15, 208): 1.0, (21, 5571): 1.0, (23, 78): 1.0, (21, 5576): 1.0, (15, 417): 1.0, (17, 5696): 1.0, (21, 5654): 1.0, (17, 5667): 1.0, (16, 5685): 1.0, (16, 5849): 1.0, (10, 1216): 1.0, (16, 5875): 1.0, (15, 181): 1.0}
Cleaning up...
    Removing tempscript.py
Creating temporary script file tempscript.py

{(15, 397): 1.0, (23, 491): 1.0, (16, 5679): 1.0, (23, 449): 1.0, (21, 5638): 1.0, (31, 5553): 1.0, (13, 5578): 1.0, (17, 5696): 1.0, (12, 920): 1.0, (16, 5654): 1.0, (23, 97): 1.0, (15, 208): 1.0, (31, 5471): 1.0, (17, 5668): 1.0, (21, 4854): 1.0, (13, 3994): 1.0, (16, 5859): 1.0, (15, 181): 1.0, (31, 4982): 1.0, (17, 5645): 1.0, (21, 5647): 1.0, (21, 5576): 1.0, (16, 5875): 1.0, (12, 504): 1.0, (17, 5666): 1.0, (23, 462): 1.0, (31, 5399): 1.0, (17, 5687): 1.0, (12, 168): 1.0, (13, 5635): 1.0, (15, 85): 1.0, (31, 4048): 1.0, (10, 1804): 1.0, (12, 1860): 1.0, (23, 68): 1.0, (17, 5576): 1.0, (31, 3301): 1.0, (18, 957): 1.0, (17, 5654): 1.0, (15, 204): 1.0, (10, 133): 1.0, (16, 5661): 1.0, (15, 180): 1.0, (13, 5654): 1.0, (31, 4883): 1.0, (12, 1369): 1.0, (13, 5669): 1.0, (23, 78): 1.0, (23, 486): 1.0, (21, 5652): 1.0, (10, 2541): 1.0, (15, 42): 1.0, (17, 5567): 1.0, (21, 5578): 1.0, (16, 5690): 1.0, (12, 169): 1.0, (22, 46073): 1.0, (15, 153): 1.0, (10, 167): 1.0, (13, 5647): 1.0, (10, 178): 1.0, (10, 207): 1.0, (13, 5576): 1.0, (31, 5576): 1.0, (12, 159): 1.0, (10, 1216): 1.0, (31, 4038): 1.0, (23, 482): 1.0, (23, 259): 1.0, (13, 487): 1.0, (15, 417): 1.0, (13, 4768): 1.0, (10, 127): 1.0, (10, 2696): 1.0, (12, 2169): 1.0, (16, 5858): 1.0, (21, 5571): 1.0, (12, 875): 1.0, (13, 3699): 1.0, (21, 5632): 1.0, (12, 332): 1.0, (16, 5871): 1.0, (17, 5680): 1.0, (15, 90): 1.0, (10, 2949): 1.0, (22, 37910): 1.0, (21, 5654): 1.0, (31, 4878): 1.0, (21, 5635): 1.0, (17, 5667): 1.0, (16, 5685): 1.0, (16, 5849): 1.0, (23, 70): 1.0}
Cleaning up...
    Removing tempscript.py
Creating temporary script file tempscript.py

{(15, 397): 1.0, (23, 491): 1.0, (16, 5679): 1.0, (23, 449): 1.0, (21, 5638): 1.0, (31, 5553): 1.0, (13, 5578): 1.0, (17, 5696): 1.0, (12, 920): 1.0, (16, 5654): 1.0, (23, 97): 1.0, (15, 208): 1.0, (31, 5471): 1.0, (17, 5668): 1.0, (32, 449): 1.0, (21, 4854): 1.0, (13, 3994): 1.0, (16, 5859): 1.0, (15, 181): 1.0, (31, 4982): 1.0, (17, 5645): 1.0, (32, 97): 1.0, (21, 5647): 1.0, (32, 462): 1.0, (21, 5576): 1.0, (16, 5875): 1.0, (32, 482): 1.0, (12, 504): 1.0, (17, 5666): 1.0, (23, 462): 1.0, (31, 5399): 1.0, (17, 5687): 1.0, (12, 168): 1.0, (13, 5635): 1.0, (15, 85): 1.0, (31, 4048): 1.0, (10, 1804): 1.0, (12, 1860): 1.0, (23, 68): 1.0, (17, 5576): 1.0, (31, 3301): 1.0, (18, 957): 1.0, (17, 5654): 1.0, (32, 388): 1.0, (15, 204): 1.0, (10, 133): 1.0, (16, 5661): 1.0, (15, 180): 1.0, (32, 78): 1.0, (13, 5654): 1.0, (31, 4883): 1.0, (12, 1369): 1.0, (13, 5669): 1.0, (23, 78): 1.0, (32, 62): 1.0, (23, 486): 1.0, (21, 5652): 1.0, (10, 2541): 1.0, (15, 42): 1.0, (17, 5567): 1.0, (21, 5578): 1.0, (16, 5690): 1.0, (12, 169): 1.0, (22, 46073): 1.0, (15, 153): 1.0, (10, 167): 1.0, (13, 5647): 1.0, (10, 178): 1.0, (10, 207): 1.0, (13, 5576): 1.0, (32, 81): 1.0, (31, 5576): 1.0, (12, 159): 1.0, (10, 1216): 1.0, (32, 68): 1.0, (31, 4038): 1.0, (23, 482): 1.0, (23, 259): 1.0, (13, 487): 1.0, (15, 417): 1.0, (13, 4768): 1.0, (10, 127): 1.0, (10, 2696): 1.0, (12, 2169): 1.0, (16, 5858): 1.0, (21, 5571): 1.0, (12, 875): 1.0, (13, 3699): 1.0, (21, 5632): 1.0, (12, 332): 1.0, (32, 70): 1.0, (16, 5871): 1.0, (17, 5680): 1.0, (15, 90): 1.0, (10, 2949): 1.0, (22, 37910): 1.0, (21, 5654): 1.0, (31, 4878): 1.0, (21, 5635): 1.0, (17, 5667): 1.0, (16, 5685): 1.0, (16, 5849): 1.0, (23, 70): 1.0}
Cleaning up...
    Removing tempscript.py
Creating temporary script file tempscript.py

{(15, 397): 1.0, (23, 491): 1.0, (16, 5679): 1.0, (23, 449): 1.0, (21, 5638): 1.0, (31, 5553): 1.0, (13, 5578): 1.0, (33, 46073): 1.0, (17, 5696): 1.0, (12, 920): 1.0, (16, 5654): 1.0, (23, 97): 1.0, (15, 208): 1.0, (31, 5471): 1.0, (17, 5668): 1.0, (32, 449): 1.0, (21, 4854): 1.0, (13, 3994): 1.0, (16, 5859): 1.0, (15, 181): 1.0, (31, 4982): 1.0, (17, 5645): 1.0, (32, 97): 1.0, (21, 5647): 1.0, (32, 462): 1.0, (21, 5576): 1.0, (16, 5875): 1.0, (32, 482): 1.0, (12, 504): 1.0, (17, 5666): 1.0, (23, 462): 1.0, (31, 5399): 1.0, (17, 5687): 1.0, (12, 168): 1.0, (13, 5635): 1.0, (15, 85): 1.0, (31, 4048): 1.0, (10, 1804): 1.0, (12, 1860): 1.0, (23, 68): 1.0, (17, 5576): 1.0, (31, 3301): 1.0, (18, 957): 1.0, (17, 5654): 1.0, (32, 388): 1.0, (15, 204): 1.0, (10, 133): 1.0, (16, 5661): 1.0, (15, 180): 1.0, (32, 78): 1.0, (13, 5654): 1.0, (33, 37910): 1.0, (31, 4883): 1.0, (12, 1369): 1.0, (13, 5669): 1.0, (23, 78): 1.0, (32, 62): 1.0, (23, 486): 1.0, (21, 5652): 1.0, (10, 2541): 1.0, (15, 42): 1.0, (17, 5567): 1.0, (21, 5578): 1.0, (16, 5690): 1.0, (12, 169): 1.0, (22, 46073): 1.0, (15, 153): 1.0, (10, 167): 1.0, (13, 5647): 1.0, (10, 178): 1.0, (10, 207): 1.0, (13, 5576): 1.0, (32, 81): 1.0, (31, 5576): 1.0, (12, 159): 1.0, (10, 1216): 1.0, (32, 68): 1.0, (31, 4038): 1.0, (23, 482): 1.0, (23, 259): 1.0, (13, 487): 1.0, (15, 417): 1.0, (13, 4768): 1.0, (10, 127): 1.0, (10, 2696): 1.0, (12, 2169): 1.0, (16, 5858): 1.0, (21, 5571): 1.0, (12, 875): 1.0, (13, 3699): 1.0, (21, 5632): 1.0, (12, 332): 1.0, (32, 70): 1.0, (16, 5871): 1.0, (17, 5680): 1.0, (15, 90): 1.0, (10, 2949): 1.0, (22, 37910): 1.0, (21, 5654): 1.0, (31, 4878): 1.0, (21, 5635): 1.0, (17, 5667): 1.0, (16, 5685): 1.0, (16, 5849): 1.0, (23, 70): 1.0}
Cleaning up...
    Removing tempscript.py
Creating temporary script file tempscript.py

{(15, 397): 1.0, (23, 491): 1.0, (16, 5679): 1.0, (23, 449): 1.0, (21, 5638): 1.0, (31, 5553): 1.0, (13, 5578): 1.0, (33, 46073): 1.0, (17, 5696): 1.0, (12, 920): 1.0, (16, 5654): 1.0, (23, 97): 1.0, (15, 208): 1.0, (31, 5471): 1.0, (17, 5668): 1.0, (32, 449): 1.0, (21, 4854): 1.0, (13, 3994): 1.0, (16, 5859): 1.0, (15, 181): 1.0, (38, 5685): 1.0, (31, 4982): 1.0, (38, 4114): 1.0, (17, 5645): 1.0, (38, 5571): 1.0, (38, 5647): 1.0, (32, 97): 1.0, (38, 5705): 1.0, (21, 5647): 1.0, (32, 462): 1.0, (21, 5576): 1.0, (16, 5875): 1.0, (32, 482): 1.0, (12, 504): 1.0, (17, 5666): 1.0, (23, 462): 1.0, (38, 5858): 1.0, (31, 5399): 1.0, (17, 5687): 1.0, (12, 168): 1.0, (13, 5635): 1.0, (15, 85): 1.0, (31, 4048): 1.0, (10, 1804): 1.0, (12, 1860): 1.0, (23, 68): 1.0, (17, 5576): 1.0, (31, 3301): 1.0, (18, 957): 1.0, (17, 5654): 1.0, (32, 388): 1.0, (15, 204): 1.0, (10, 133): 1.0, (16, 5661): 1.0, (15, 180): 1.0, (32, 78): 1.0, (13, 5654): 1.0, (33, 37910): 1.0, (31, 4883): 1.0, (12, 1369): 1.0, (13, 5669): 1.0, (23, 78): 1.0, (32, 62): 1.0, (23, 486): 1.0, (38, 5690): 1.0, (21, 5652): 1.0, (10, 2541): 1.0, (15, 42): 1.0, (17, 5567): 1.0, (38, 5859): 1.0, (21, 5578): 1.0, (16, 5690): 1.0, (12, 169): 1.0, (22, 46073): 1.0, (15, 153): 1.0, (10, 167): 1.0, (13, 5647): 1.0, (10, 178): 1.0, (10, 207): 1.0, (13, 5576): 1.0, (32, 81): 1.0, (31, 5576): 1.0, (12, 159): 1.0, (10, 1216): 1.0, (32, 68): 1.0, (31, 4038): 1.0, (23, 482): 1.0, (23, 259): 1.0, (13, 487): 1.0, (15, 417): 1.0, (13, 4768): 1.0, (10, 127): 1.0, (10, 2696): 1.0, (38, 5866): 1.0, (12, 2169): 1.0, (16, 5858): 1.0, (21, 5571): 1.0, (12, 875): 1.0, (13, 3699): 1.0, (21, 5632): 1.0, (12, 332): 1.0, (32, 70): 1.0, (16, 5871): 1.0, (38, 5775): 1.0, (17, 5680): 1.0, (15, 90): 1.0, (10, 2949): 1.0, (22, 37910): 1.0, (21, 5654): 1.0, (31, 4878): 1.0, (21, 5635): 1.0, (17, 5667): 1.0, (16, 5685): 1.0, (16, 5849): 1.0, (23, 70): 1.0}
Cleaning up...
    Removing tempscript.py
Creating temporary script file tempscript.py

{(15, 397): 1.0, (40, 5858): 1.0, (23, 491): 1.0, (16, 5679): 1.0, (23, 449): 1.0, (21, 5638): 1.0, (31, 5553): 1.0, (13, 5578): 1.0, (33, 46073): 1.0, (17, 5696): 1.0, (12, 920): 1.0, (16, 5654): 1.0, (23, 97): 1.0, (15, 208): 1.0, (31, 5471): 1.0, (17, 5668): 1.0, (32, 449): 1.0, (21, 4854): 1.0, (13, 3994): 1.0, (16, 5859): 1.0, (15, 181): 1.0, (38, 5685): 1.0, (31, 4982): 1.0, (38, 4114): 1.0, (17, 5645): 1.0, (38, 5571): 1.0, (38, 5647): 1.0, (32, 97): 1.0, (38, 5705): 1.0, (21, 5647): 1.0, (32, 462): 1.0, (21, 5576): 1.0, (40, 5705): 1.0, (16, 5875): 1.0, (32, 482): 1.0, (40, 5578): 1.0, (12, 504): 1.0, (17, 5666): 1.0, (23, 462): 1.0, (38, 5858): 1.0, (31, 5399): 1.0, (17, 5687): 1.0, (12, 168): 1.0, (13, 5635): 1.0, (15, 85): 1.0, (31, 4048): 1.0, (10, 1804): 1.0, (12, 1860): 1.0, (40, 5680): 1.0, (23, 68): 1.0, (17, 5576): 1.0, (31, 3301): 1.0, (18, 957): 1.0, (17, 5654): 1.0, (32, 388): 1.0, (15, 204): 1.0, (10, 133): 1.0, (16, 5661): 1.0, (15, 180): 1.0, (32, 78): 1.0, (40, 5715): 1.0, (13, 5654): 1.0, (33, 37910): 1.0, (31, 4883): 1.0, (12, 1369): 1.0, (13, 5669): 1.0, (23, 78): 1.0, (32, 62): 1.0, (23, 486): 1.0, (38, 5690): 1.0, (21, 5652): 1.0, (40, 5654): 1.0, (10, 2541): 1.0, (15, 42): 1.0, (17, 5567): 1.0, (38, 5859): 1.0, (21, 5578): 1.0, (16, 5690): 1.0, (12, 169): 1.0, (22, 46073): 1.0, (15, 153): 1.0, (10, 167): 1.0, (13, 5647): 1.0, (10, 178): 1.0, (10, 207): 1.0, (13, 5576): 1.0, (40, 5647): 1.0, (32, 81): 1.0, (31, 5576): 1.0, (12, 159): 1.0, (40, 5576): 1.0, (10, 1216): 1.0, (32, 68): 1.0, (31, 4038): 1.0, (23, 482): 1.0, (23, 259): 1.0, (13, 487): 1.0, (15, 417): 1.0, (13, 4768): 1.0, (10, 127): 1.0, (10, 2696): 1.0, (38, 5866): 1.0, (12, 2169): 1.0, (16, 5858): 1.0, (21, 5571): 1.0, (12, 875): 1.0, (13, 3699): 1.0, (21, 5632): 1.0, (12, 332): 1.0, (40, 5685): 1.0, (32, 70): 1.0, (16, 5871): 1.0, (40, 5723): 1.0, (38, 5775): 1.0, (17, 5680): 1.0, (15, 90): 1.0, (10, 2949): 1.0, (22, 37910): 1.0, (21, 5654): 1.0, (31, 4878): 1.0, (21, 5635): 1.0, (17, 5667): 1.0, (16, 5685): 1.0, (16, 5849): 1.0, (23, 70): 1.0}
Cleaning up...
    Removing tempscript.py
Creating temporary script file tempscript.py

{(15, 397): 1.0, (40, 5858): 1.0, (23, 491): 1.0, (41, 639): 1.0, (16, 5679): 1.0, (23, 449): 1.0, (21, 5638): 1.0, (31, 5553): 1.0, (13, 5578): 1.0, (33, 46073): 1.0, (17, 5696): 1.0, (12, 920): 1.0, (16, 5654): 1.0, (23, 97): 1.0, (15, 208): 1.0, (31, 5471): 1.0, (17, 5668): 1.0, (32, 449): 1.0, (41, 611): 1.0, (21, 4854): 1.0, (13, 3994): 1.0, (16, 5859): 1.0, (15, 181): 1.0, (38, 5685): 1.0, (31, 4982): 1.0, (38, 4114): 1.0, (17, 5645): 1.0, (38, 5571): 1.0, (38, 5647): 1.0, (32, 97): 1.0, (38, 5705): 1.0, (21, 5647): 1.0, (32, 462): 1.0, (21, 5576): 1.0, (40, 5705): 1.0, (16, 5875): 1.0, (32, 482): 1.0, (40, 5578): 1.0, (12, 504): 1.0, (17, 5666): 1.0, (23, 462): 1.0, (38, 5858): 1.0, (31, 5399): 1.0, (17, 5687): 1.0, (12, 168): 1.0, (13, 5635): 1.0, (15, 85): 1.0, (31, 4048): 1.0, (10, 1804): 1.0, (12, 1860): 1.0, (40, 5680): 1.0, (23, 68): 1.0, (17, 5576): 1.0, (31, 3301): 1.0, (41, 928): 1.0, (41, 938): 1.0, (18, 957): 1.0, (17, 5654): 1.0, (32, 388): 1.0, (15, 204): 1.0, (10, 133): 1.0, (16, 5661): 1.0, (15, 180): 1.0, (32, 78): 1.0, (40, 5715): 1.0, (13, 5654): 1.0, (33, 37910): 1.0, (31, 4883): 1.0, (41, 447): 1.0, (12, 1369): 1.0, (13, 5669): 1.0, (23, 78): 1.0, (32, 62): 1.0, (23, 486): 1.0, (38, 5690): 1.0, (21, 5652): 1.0, (40, 5654): 1.0, (10, 2541): 1.0, (15, 42): 1.0, (17, 5567): 1.0, (38, 5859): 1.0, (21, 5578): 1.0, (16, 5690): 1.0, (12, 169): 1.0, (22, 46073): 1.0, (15, 153): 1.0, (10, 167): 1.0, (13, 5647): 1.0, (10, 178): 1.0, (10, 207): 1.0, (13, 5576): 1.0, (40, 5647): 1.0, (32, 81): 1.0, (31, 5576): 1.0, (41, 72): 1.0, (12, 159): 1.0, (40, 5576): 1.0, (41, 75): 1.0, (10, 1216): 1.0, (32, 68): 1.0, (31, 4038): 1.0, (23, 482): 1.0, (23, 259): 1.0, (13, 487): 1.0, (15, 417): 1.0, (13, 4768): 1.0, (10, 127): 1.0, (10, 2696): 1.0, (41, 531): 1.0, (38, 5866): 1.0, (12, 2169): 1.0, (16, 5858): 1.0, (21, 5571): 1.0, (12, 875): 1.0, (13, 3699): 1.0, (21, 5632): 1.0, (12, 332): 1.0, (40, 5685): 1.0, (32, 70): 1.0, (16, 5871): 1.0, (40, 5723): 1.0, (38, 5775): 1.0, (17, 5680): 1.0, (15, 90): 1.0, (41, 554): 1.0, (10, 2949): 1.0, (22, 37910): 1.0, (21, 5654): 1.0, (31, 4878): 1.0, (21, 5635): 1.0, (17, 5667): 1.0, (16, 5685): 1.0, (16, 5849): 1.0, (23, 70): 1.0, (41, 743): 1.0}
Cleaning up...
    Removing tempscript.py
Creating temporary script file tempscript.py

{(15, 397): 1.0, (40, 5858): 1.0, (23, 491): 1.0, (41, 639): 1.0, (16, 5679): 1.0, (23, 449): 1.0, (21, 5638): 1.0, (31, 5553): 1.0, (13, 5578): 1.0, (33, 46073): 1.0, (17, 5696): 1.0, (12, 920): 1.0, (16, 5654): 1.0, (23, 97): 1.0, (15, 208): 1.0, (31, 5471): 1.0, (17, 5668): 1.0, (32, 449): 1.0, (41, 611): 1.0, (21, 4854): 1.0, (13, 3994): 1.0, (16, 5859): 1.0, (15, 181): 1.0, (38, 5685): 1.0, (31, 4982): 1.0, (38, 4114): 1.0, (17, 5645): 1.0, (38, 5571): 1.0, (38, 5647): 1.0, (32, 97): 1.0, (38, 5705): 1.0, (21, 5647): 1.0, (32, 462): 1.0, (42, 659): 1.0, (21, 5576): 1.0, (40, 5705): 1.0, (16, 5875): 1.0, (32, 482): 1.0, (40, 5578): 1.0, (12, 504): 1.0, (17, 5666): 1.0, (42, 503): 1.0, (23, 462): 1.0, (38, 5858): 1.0, (31, 5399): 1.0, (17, 5687): 1.0, (12, 168): 1.0, (13, 5635): 1.0, (15, 85): 1.0, (31, 4048): 1.0, (10, 1804): 1.0, (12, 1860): 1.0, (40, 5680): 1.0, (23, 68): 1.0, (17, 5576): 1.0, (42, 586): 1.0, (31, 3301): 1.0, (41, 928): 1.0, (41, 938): 1.0, (18, 957): 1.0, (17, 5654): 1.0, (32, 388): 1.0, (15, 204): 1.0, (10, 133): 1.0, (16, 5661): 1.0, (15, 180): 1.0, (32, 78): 1.0, (40, 5715): 1.0, (13, 5654): 1.0, (33, 37910): 1.0, (31, 4883): 1.0, (41, 447): 1.0, (12, 1369): 1.0, (13, 5669): 1.0, (23, 78): 1.0, (32, 62): 1.0, (23, 486): 1.0, (38, 5690): 1.0, (21, 5652): 1.0, (40, 5654): 1.0, (10, 2541): 1.0, (15, 42): 1.0, (17, 5567): 1.0, (38, 5859): 1.0, (21, 5578): 1.0, (16, 5690): 1.0, (12, 169): 1.0, (22, 46073): 1.0, (15, 153): 1.0, (10, 167): 1.0, (13, 5647): 1.0, (42, 652): 1.0, (10, 178): 1.0, (10, 207): 1.0, (13, 5576): 1.0, (40, 5647): 1.0, (32, 81): 1.0, (31, 5576): 1.0, (41, 72): 1.0, (12, 159): 1.0, (40, 5576): 1.0, (41, 75): 1.0, (10, 1216): 1.0, (32, 68): 1.0, (42, 755): 1.0, (31, 4038): 1.0, (23, 482): 1.0, (23, 259): 1.0, (13, 487): 1.0, (15, 417): 1.0, (13, 4768): 1.0, (10, 127): 1.0, (10, 2696): 1.0, (41, 531): 1.0, (38, 5866): 1.0, (12, 2169): 1.0, (16, 5858): 1.0, (21, 5571): 1.0, (42, 699): 1.0, (12, 875): 1.0, (13, 3699): 1.0, (21, 5632): 1.0, (12, 332): 1.0, (40, 5685): 1.0, (42, 85): 1.0, (32, 70): 1.0, (16, 5871): 1.0, (40, 5723): 1.0, (38, 5775): 1.0, (17, 5680): 1.0, (15, 90): 1.0, (41, 554): 1.0, (10, 2949): 1.0, (42, 516): 1.0, (22, 37910): 1.0, (21, 5654): 1.0, (31, 4878): 1.0, (42, 490): 1.0, (21, 5635): 1.0, (42, 847): 1.0, (17, 5667): 1.0, (16, 5685): 1.0, (16, 5849): 1.0, (23, 70): 1.0, (41, 743): 1.0}
Cleaning up...
    Removing tempscript.py
Creating temporary script file tempscript.py

{(15, 397): 1.0, (40, 5858): 1.0, (23, 491): 1.0, (41, 639): 1.0, (43, 611): 1.0, (16, 5679): 1.0, (23, 449): 1.0, (21, 5638): 1.0, (31, 5553): 1.0, (13, 5578): 1.0, (33, 46073): 1.0, (17, 5696): 1.0, (12, 920): 1.0, (16, 5654): 1.0, (23, 97): 1.0, (43, 46073): 1.0, (15, 208): 1.0, (31, 5471): 1.0, (17, 5668): 1.0, (32, 449): 1.0, (41, 611): 1.0, (21, 4854): 1.0, (13, 3994): 1.0, (16, 5859): 1.0, (15, 181): 1.0, (38, 5685): 1.0, (31, 4982): 1.0, (38, 4114): 1.0, (17, 5645): 1.0, (38, 5571): 1.0, (38, 5647): 1.0, (32, 97): 1.0, (38, 5705): 1.0, (21, 5647): 1.0, (32, 462): 1.0, (42, 659): 1.0, (21, 5576): 1.0, (40, 5705): 1.0, (16, 5875): 1.0, (32, 482): 1.0, (40, 5578): 1.0, (12, 504): 1.0, (17, 5666): 1.0, (42, 503): 1.0, (23, 462): 1.0, (38, 5858): 1.0, (31, 5399): 1.0, (17, 5687): 1.0, (12, 168): 1.0, (13, 5635): 1.0, (43, 447): 1.0, (15, 85): 1.0, (31, 4048): 1.0, (10, 1804): 1.0, (12, 1860): 1.0, (40, 5680): 1.0, (23, 68): 1.0, (17, 5576): 1.0, (42, 586): 1.0, (31, 3301): 1.0, (41, 928): 1.0, (41, 938): 1.0, (18, 957): 1.0, (17, 5654): 1.0, (32, 388): 1.0, (15, 204): 1.0, (10, 133): 1.0, (16, 5661): 1.0, (15, 180): 1.0, (32, 78): 1.0, (40, 5715): 1.0, (13, 5654): 1.0, (33, 37910): 1.0, (31, 4883): 1.0, (41, 447): 1.0, (12, 1369): 1.0, (13, 5669): 1.0, (23, 78): 1.0, (32, 62): 1.0, (23, 486): 1.0, (38, 5690): 1.0, (21, 5652): 1.0, (40, 5654): 1.0, (10, 2541): 1.0, (15, 42): 1.0, (17, 5567): 1.0, (38, 5859): 1.0, (21, 5578): 1.0, (16, 5690): 1.0, (12, 169): 1.0, (22, 46073): 1.0, (15, 153): 1.0, (10, 167): 1.0, (13, 5647): 1.0, (42, 652): 1.0, (10, 178): 1.0, (10, 207): 1.0, (13, 5576): 1.0, (40, 5647): 1.0, (32, 81): 1.0, (31, 5576): 1.0, (41, 72): 1.0, (12, 159): 1.0, (43, 531): 1.0, (40, 5576): 1.0, (41, 75): 1.0, (10, 1216): 1.0, (32, 68): 1.0, (42, 755): 1.0, (31, 4038): 1.0, (23, 482): 1.0, (23, 259): 1.0, (13, 487): 1.0, (15, 417): 1.0, (13, 4768): 1.0, (10, 127): 1.0, (10, 2696): 1.0, (41, 531): 1.0, (38, 5866): 1.0, (12, 2169): 1.0, (16, 5858): 1.0, (21, 5571): 1.0, (42, 699): 1.0, (12, 875): 1.0, (13, 3699): 1.0, (21, 5632): 1.0, (43, 72): 1.0, (12, 332): 1.0, (40, 5685): 1.0, (42, 85): 1.0, (32, 70): 1.0, (16, 5871): 1.0, (40, 5723): 1.0, (38, 5775): 1.0, (17, 5680): 1.0, (15, 90): 1.0, (41, 554): 1.0, (10, 2949): 1.0, (42, 516): 1.0, (22, 37910): 1.0, (21, 5654): 1.0, (31, 4878): 1.0, (42, 490): 1.0, (21, 5635): 1.0, (42, 847): 1.0, (17, 5667): 1.0, (16, 5685): 1.0, (16, 5849): 1.0, (23, 70): 1.0, (41, 743): 1.0}
Cleaning up...
    Removing tempscript.py
Creating temporary script file tempscript.py

{(15, 397): 1.0, (40, 5858): 1.0, (23, 491): 1.0, (41, 639): 1.0, (43, 611): 1.0, (16, 5679): 1.0, (23, 449): 1.0, (21, 5638): 1.0, (31, 5553): 1.0, (13, 5578): 1.0, (33, 46073): 1.0, (17, 5696): 1.0, (12, 920): 1.0, (16, 5654): 1.0, (23, 97): 1.0, (43, 46073): 1.0, (15, 208): 1.0, (31, 5471): 1.0, (17, 5668): 1.0, (32, 449): 1.0, (41, 611): 1.0, (21, 4854): 1.0, (13, 3994): 1.0, (16, 5859): 1.0, (15, 181): 1.0, (38, 5685): 1.0, (31, 4982): 1.0, (38, 4114): 1.0, (17, 5645): 1.0, (38, 5571): 1.0, (38, 5647): 1.0, (32, 97): 1.0, (38, 5705): 1.0, (21, 5647): 1.0, (44, 7952): 1.0, (32, 462): 1.0, (42, 659): 1.0, (21, 5576): 1.0, (40, 5705): 1.0, (16, 5875): 1.0, (32, 482): 1.0, (40, 5578): 1.0, (44, 6681): 1.0, (12, 504): 1.0, (17, 5666): 1.0, (42, 503): 1.0, (23, 462): 1.0, (38, 5858): 1.0, (31, 5399): 1.0, (17, 5687): 1.0, (12, 168): 1.0, (44, 6350): 1.0, (13, 5635): 1.0, (43, 447): 1.0, (15, 85): 1.0, (31, 4048): 1.0, (10, 1804): 1.0, (12, 1860): 1.0, (40, 5680): 1.0, (23, 68): 1.0, (17, 5576): 1.0, (42, 586): 1.0, (31, 3301): 1.0, (41, 928): 1.0, (44, 6278): 1.0, (41, 938): 1.0, (18, 957): 1.0, (17, 5654): 1.0, (32, 388): 1.0, (15, 204): 1.0, (10, 133): 1.0, (16, 5661): 1.0, (15, 180): 1.0, (32, 78): 1.0, (40, 5715): 1.0, (13, 5654): 1.0, (44, 5716): 1.0, (33, 37910): 1.0, (31, 4883): 1.0, (41, 447): 1.0, (12, 1369): 1.0, (13, 5669): 1.0, (23, 78): 1.0, (44, 5875): 1.0, (32, 62): 1.0, (23, 486): 1.0, (38, 5690): 1.0, (21, 5652): 1.0, (40, 5654): 1.0, (10, 2541): 1.0, (44, 6822): 1.0, (15, 42): 1.0, (17, 5567): 1.0, (38, 5859): 1.0, (21, 5578): 1.0, (16, 5690): 1.0, (12, 169): 1.0, (22, 46073): 1.0, (15, 153): 1.0, (10, 167): 1.0, (13, 5647): 1.0, (42, 652): 1.0, (10, 178): 1.0, (10, 207): 1.0, (13, 5576): 1.0, (40, 5647): 1.0, (32, 81): 1.0, (31, 5576): 1.0, (44, 6637): 1.0, (41, 72): 1.0, (12, 159): 1.0, (43, 531): 1.0, (40, 5576): 1.0, (41, 75): 1.0, (10, 1216): 1.0, (44, 5654): 1.0, (32, 68): 1.0, (42, 755): 1.0, (31, 4038): 1.0, (23, 482): 1.0, (23, 259): 1.0, (13, 487): 1.0, (15, 417): 1.0, (13, 4768): 1.0, (10, 127): 1.0, (10, 2696): 1.0, (41, 531): 1.0, (38, 5866): 1.0, (12, 2169): 1.0, (16, 5858): 1.0, (21, 5571): 1.0, (42, 699): 1.0, (44, 6270): 1.0, (12, 875): 1.0, (13, 3699): 1.0, (21, 5632): 1.0, (43, 72): 1.0, (12, 332): 1.0, (40, 5685): 1.0, (42, 85): 1.0, (32, 70): 1.0, (16, 5871): 1.0, (40, 5723): 1.0, (38, 5775): 1.0, (17, 5680): 1.0, (15, 90): 1.0, (41, 554): 1.0, (10, 2949): 1.0, (42, 516): 1.0, (22, 37910): 1.0, (21, 5654): 1.0, (31, 4878): 1.0, (42, 490): 1.0, (21, 5635): 1.0, (42, 847): 1.0, (17, 5667): 1.0, (16, 5685): 1.0, (16, 5849): 1.0, (23, 70): 1.0, (41, 743): 1.0}
Cleaning up...
    Removing tempscript.py
Creating temporary script file tempscript.py

{(15, 397): 1.0, (40, 5858): 1.0, (23, 491): 1.0, (41, 639): 1.0, (43, 611): 1.0, (16, 5679): 1.0, (23, 449): 1.0, (21, 5638): 1.0, (31, 5553): 1.0, (13, 5578): 1.0, (45, 5654): 1.0, (33, 46073): 1.0, (17, 5696): 1.0, (45, 5680): 1.0, (12, 920): 1.0, (16, 5654): 1.0, (23, 97): 1.0, (43, 46073): 1.0, (15, 208): 1.0, (31, 5471): 1.0, (17, 5668): 1.0, (32, 449): 1.0, (41, 611): 1.0, (21, 4854): 1.0, (13, 3994): 1.0, (16, 5859): 1.0, (15, 181): 1.0, (38, 5685): 1.0, (31, 4982): 1.0, (38, 4114): 1.0, (17, 5645): 1.0, (38, 5571): 1.0, (38, 5647): 1.0, (32, 97): 1.0, (38, 5705): 1.0, (21, 5647): 1.0, (44, 7952): 1.0, (32, 462): 1.0, (42, 659): 1.0, (21, 5576): 1.0, (40, 5705): 1.0, (16, 5875): 1.0, (32, 482): 1.0, (40, 5578): 1.0, (44, 6681): 1.0, (12, 504): 1.0, (17, 5666): 1.0, (42, 503): 1.0, (23, 462): 1.0, (38, 5858): 1.0, (31, 5399): 1.0, (17, 5687): 1.0, (12, 168): 1.0, (44, 6350): 1.0, (13, 5635): 1.0, (43, 447): 1.0, (15, 85): 1.0, (31, 4048): 1.0, (10, 1804): 1.0, (12, 1860): 1.0, (40, 5680): 1.0, (23, 68): 1.0, (17, 5576): 1.0, (42, 586): 1.0, (31, 3301): 1.0, (41, 928): 1.0, (44, 6278): 1.0, (41, 938): 1.0, (18, 957): 1.0, (17, 5654): 1.0, (32, 388): 1.0, (15, 204): 1.0, (10, 133): 1.0, (16, 5661): 1.0, (15, 180): 1.0, (32, 78): 1.0, (45, 5669): 1.0, (40, 5715): 1.0, (13, 5654): 1.0, (44, 5716): 1.0, (33, 37910): 1.0, (31, 4883): 1.0, (41, 447): 1.0, (12, 1369): 1.0, (13, 5669): 1.0, (23, 78): 1.0, (44, 5875): 1.0, (32, 62): 1.0, (23, 486): 1.0, (38, 5690): 1.0, (45, 5685): 1.0, (21, 5652): 1.0, (40, 5654): 1.0, (10, 2541): 1.0, (44, 6822): 1.0, (15, 42): 1.0, (17, 5567): 1.0, (38, 5859): 1.0, (21, 5578): 1.0, (16, 5690): 1.0, (12, 169): 1.0, (22, 46073): 1.0, (15, 153): 1.0, (10, 167): 1.0, (13, 5647): 1.0, (42, 652): 1.0, (10, 178): 1.0, (10, 207): 1.0, (13, 5576): 1.0, (45, 5705): 1.0, (40, 5647): 1.0, (32, 81): 1.0, (45, 5100): 1.0, (31, 5576): 1.0, (44, 6637): 1.0, (45, 5578): 1.0, (41, 72): 1.0, (12, 159): 1.0, (43, 531): 1.0, (40, 5576): 1.0, (41, 75): 1.0, (45, 5576): 1.0, (10, 1216): 1.0, (44, 5654): 1.0, (32, 68): 1.0, (42, 755): 1.0, (31, 4038): 1.0, (23, 482): 1.0, (23, 259): 1.0, (13, 487): 1.0, (15, 417): 1.0, (13, 4768): 1.0, (10, 127): 1.0, (10, 2696): 1.0, (41, 531): 1.0, (38, 5866): 1.0, (12, 2169): 1.0, (16, 5858): 1.0, (21, 5571): 1.0, (42, 699): 1.0, (44, 6270): 1.0, (12, 875): 1.0, (13, 3699): 1.0, (21, 5632): 1.0, (45, 5635): 1.0, (43, 72): 1.0, (12, 332): 1.0, (40, 5685): 1.0, (42, 85): 1.0, (32, 70): 1.0, (16, 5871): 1.0, (40, 5723): 1.0, (38, 5775): 1.0, (17, 5680): 1.0, (15, 90): 1.0, (41, 554): 1.0, (10, 2949): 1.0, (42, 516): 1.0, (22, 37910): 1.0, (21, 5654): 1.0, (31, 4878): 1.0, (42, 490): 1.0, (21, 5635): 1.0, (42, 847): 1.0, (17, 5667): 1.0, (16, 5685): 1.0, (45, 5704): 1.0, (16, 5849): 1.0, (23, 70): 1.0, (41, 743): 1.0}
Cleaning up...
    Removing tempscript.py
It took 18760.322747 seconds to build the dictionary for 20 teachers.
The average runtime per teacher was 938.01613735 seconds

Last 3 Runs: 373,301,201

